4803
4
13
0
1
14
17409
0
0
0
17413
32
2
6
0
1

// Volume
1
0
0
0
0
10
10
0
0
0
20
4
100
10000
-96
-26
-6
0
0
-96
-26
-6
0
0
0
0
32
32
32
32
32
32
32
32
32
30
30
31
32
32
32
32
32
32
32
32
32
32
32
32
32
32
32
32
32
32
32
31
29
27
26
26
25
26
26
27
28
28
29
31
32
32
32
32
32
32
32
32
32
32
32
32
32
32
32
32
32
32
32
31
30
29
29
28
28
29
29
30
32
32
32
32
32
32
32
32
32
32
32
32
32
32
32
32
32
32
32
32
32
32
32
32
32
32
32
32
32
32
32
32
32
32
32
32
32
32
32
32
32
32
32
32
32
32
32
32
32
32
32
32
32
32
32
32
32
32
32
32
32
32
32
32
32
32
32
32
32
32
32
31
31
31
31
31
31
31
31
31
30
30
30
30
30
29
29
29
28
28
28
28
28
28
28
28
28
28
28
28
28
29
29
29
29
29
28
28
28
28
27
27
26
26
26
26
25
25
25
25
25
25
25
25
25
25
25
26
26
26
26
26
27
27
27
27
27
27
27
27
26
26
26
26
26
25
25
25
25
25
25
25
25
25
26
26
26
26
26
27
27
27
27
28
28
29
29
30
31
31
32
32
32
32
32
32
31
31
30
30
29
28
27
27
26
25
25
25
24
24
25
25
25
25
26
26
27
27
28
29
30
30
31
31
32
32
32
32
32
32
32
32
32
31
31
30
30
29
29
28
28
28
28
28
28
29
29
29
30
30
31
31
31
32
32
32
32
32
32
32
32
32
32
32
32
32
32
32
32
32
32
32
32
32
32
32
32
31
30
28
27
26
25
24
24
23
23
23
23
23
23
24
24
25
26
28
29
30
32
32
32
32
32
32
32
32
32
31
30
29
28
28
27
26
26
26
26
26
26
27
27
27
28
28
29
29
30
30
31
31
31
32
32
32
32
32
32
32
32
32
32
32
32
32
32
32
32
32
32
32
32
32
32
32
32
31
30
29
28
27
26
25
24
23
23
22
22
22
22
22
22
23
23
23
24
24
25
25
25
25
25
24
24
24
23
23
22
22
22
22
22
23
23
23
24
25
26
27
28
29
30
31
31
32
32
32
32
32
32
32
32
32
32
32
32
32
31
31
31
30
30
29
28
28
27
27
26
25
24
24
23
23
22
22
22
22
21
21
21
21
21
21
22
22
22
23
23
23
24
24
24
24
24
24
24
24
24
24
23
23
23
22
20
19
16
15
14
14
12
10
9
8
8
7
7
7
7
6
6
6
6
7
7
6
7
7
7
7
7
8
7
8
8
8
8
9
9
9
9
10
10
10
10
10
10
10
10
10
11
11
11
11
11
11
11
11
11
11
11
11
11
11
11
11
11
11
10
10
32
32
32
32
32
32
32
32
32
32
32
32
32
32
32
32
32
32
32
32
32
32
32
32
32
32
32
32
32
32
32
32
31
31
32
32
32
32
32
32
32
32
32
32
32
32
32
32
32
32
32
32
32
32
32
32
32
32
32
32
32
32
32
32
32
32
32
32
32
32
32
32
32
32
32
32
32
32
32
32
32
32
32
32
32
32
32
32
32
32
32
32
32
32
32
32
32
32
32
32
32
32
32
32
32
32
32
32
32
32
32
32
32
32
32
32
32
32
32
32
32
32
32
32
32
32
32
32
32
32
32
32
32
32
32
32
32
32
32
32
32
32
32
32
32
32
32
32
32
32
32
32
32
32
32
32
32
32
32
32
32
32
32
32
32
32
32
32
32
32
32
32
32
32
32
32
32
32
32
32
31
30
29
28
27
27
27
26
26
26
26
27
27
27
28
28
29
30
31
31
32
32
32
32
32
32
32
32
32
32
32
32
31
31
31
31
30
30
30
29
29
29
28
27
27
26
26
26
25
25
24
24
23
23
23
23
22
22
22
22
22
22
22
22
22
22
23
23
23
23
23
23
22
22
22
21
21
20
20
19
18
17
17
16
16
15
15
14
14
13
13
13
12
12
12
12
12
12
12
12
12
12
12
13
13
13
14
14
15
15
16
16
16
16
16
16
16
15
15
14
14
13
13
12
12
11
11
11
10
10
10
10
10
9
9
9
9
9
9
9
9
9
8
8
8
8
8
8
8
8
7
7
7
7
7
7
7
7
7
7
7
6
6
6
6
6
6
6
6
6
6
6
6
6
6
5
5
5
5
5
5
5
5
5
5
5
5
5
5
5
5
5
5
5
5
5
6
6
6
6
6
7
7
7
7
7
8
8
7
7
7
7
7
7
7
6
6
6
6
6
6
6
6
6
6
7
7
7
7
8
8
8
9
9
9
10
10
10
10
11
11
11
11
12
12
12
12
13
13
13
13
13
13
14
14
14
14
14
14
14
14
14
14
14
15
15
15
15
16
16
16
16
16
16
16
16
16
16
16
15
15
15
15
15
15
15
15
15
16
16
16
17
18
18
19
20
21
21
22
23
24
24
24
24
24
24
23
23
23
22
21
21
21
20
20
20
20
20
20
20
20
21
21
22
22
23
23
24
25
25
26
26
26
26
25
27
26
22
26
32
30
26
27
28
31
32
31
27
29
32
31
30
32
31
31
32
32
32
28
29
32
32
32
32
32
32
32
32
32
32
32
32
32
29
31
32
32
32
32
29
28
29
29
29
29
29
29
29
29
29
29
29
29
29
29
29
29
29
30
30
32
32
32
32
32
32
32
32
32
32
32
32
32
32
32
32
32
32
32
32
32
32
32
32
32
32
32
32
32
32
32
32
32
32
32
32
32
32
32
32
32
32
32
32
32
32
32
32
32
32
32
32
32
32
32
32
32
32
32
32
32
32
32
32
32
32
32
32
32
32
32
32
32
32
32
32
32
32
32
32
32
32
32
32
32
32
32
32
32
32
32
32
32
32
32
32
32
32
32
32
32
32
32
32
32
32
32
32
32
32
32
32
32
32
32
32
32
32
32
32
32
32
32
32
32
32
32
32
32
32
32
32
32
32
32
32
32
32
32
32
32
32
32
32
32
32
32
32
32
32
32
32
32
32
32
32
32
32
32
32
32
32
32
32
32
32
32
32
32
32
32
32
32
32
32
32
32
32
32
32
32
32
32
32
32
32
32
32
32
32
32
32
32
32
32
32
32
32
32
32
32
32
32
32
32
32
32
32
32
32
32
32
32
32
32
32
32
32
32
32
32
32
32
32
32
32
32
32
32
32
32
32
32
32
32
32
32
32
32
32
32
32
32
32
32
32
32
32
32
32
32
32
32
32
32
32
32
32
32
32
32
32
32
32
32
32
32
32
32
32
32
32
32
32
32
32
32
32
32
32
32
32
32
32
32
32
32
32
32
32
32
32
32
32
32
32
32
32
32
32
32
32
32
32
32
32
32
32
32
32
32
32
32
32
32
32
32
32
32
32
32
32
32
32
32
32
32
32
32
32
32
32
32
32
32
32
32
32
32
32
32
32
32
32
32
32
32
32
32
32
32
32
32
32
32
32
32
32
32
32
32
32
32
32
32
32
32
32
32
32
32
32
32
32
32
32
32
32
32
32
32
32
32
32
32
32
32
32
32
32
32
32
32
32
32
32
32
32
32
32
32
32
32
32
32
32
32
32
32
32
32
32
32
32
32
32
32
32
32
32
32
32
32
32
32
32
32
32
32
32
32
32
32
32
32
32
32
32
32
32
32
32
32
32
32
32
32
32
32
32
32
32
32
32
32
32
32
32
32
32
32
32
32
32
32
32
32
32
32
32
32
32
32
32
32
32
32
32
32
32
32
32
32
32
32
32
32
32
32
32
32
32
32
32
32
32
32
32
32
32
32
32
32
32
32
32
32
32
32
32
32
32
32
32
32
32
32
32
32
32
32
32
32
32
32
32
32
32
32
32
32
32
32
32
32
32
32
32
32
32
32
32
32
32
32
32
32
32
32
32
32
32
32
32
32
32
32
32
32
32
32
32
32
32
32
32
32
32
32
32
32
32
32
32
32
32
32
32
32
32
32
32
32
32
32
32
32
32
32
32
32
32
32
32
32
32
32
32
32
32
32
32
32
32
32
32
32
32
32
32
32
32
32
32
32
32
32
32
32
32
32
32
32
32
32
32
32
32
32
32
32
32
32
32
32
32
32
32
32
32
32
32
32
32
32
32
32
32
32
32
32
32
32
32
32
32
32
32
32
32
32
32
32
32
32
32
32
32
32
32
32
32
32
32
32
32
32
32
32
32
32
32
32
32
32
32
32
32
32
32
32
32
32
32
32
32
32
32
32
32
32
32
32
32
32
32
32
32
32
32
32
32
32
32
32
32
32
32
32
32
32
32
32
32
32
32
32
32
32
32
32
32
32
32
32
32
32
32
32
32
32
32
32
32
32
32
32
32
32
32
32
32
32
32
32
32
32
32
32
32
32
32
32
32
32
32
32
32
32
32
32
32
32
32
32
32
32
32
32
32
32
32
32
32
32
32
32
32
32
32
32
32
32
32
32
32
32
32
32
32
32
32
32
32
32
32
32
32
32
32
32
32
32
32
32
32
32
32
32
32
32
32
32
32
32
32
32
32
32
32
32
32
32
32
32
32
32
32
32
32
32
32
32
32
32
32
32
32
32
32
32
32
32
32
32
32
32
32
32
32
32
32
32
32
32
32
32
32
32
32
32
32
32
32
32
32
32
32
32
32
32
32
32
32
32
32
32
32
32
32
32
32
32
32
32
32
32
32
32
32
32
32
32
32
32
32
32
32
32
32
32
32
32
32
32
32
32
32
32
32
32
32
32
32
32
32
32
32
32
32
32
32
32
32
32
32
32
32
32
32
32
32
32
32
32
32
32
32
32
32
32
32
32
32
32
32
32
32
32
32
32
32
32
32
32
32
32
32
32
32
32
32
32
32
32
32
32
32
32
32
32
32
32
32
32
32
32
32
32
32
32
32
32
32
32
32
32
32
32
32
32
32
32
32
32
32
32
32
32
32
32
32
32
32
32
32
32
32
32
32
32
32
32
32
32
32
32
32
32
32
32
32
32
32
32
32
32
32
32
32
32
32
32
32
32
32
32
32
32
32
32
32
32
32
32
32
32
32
32
32
32
32
32
32
32
32
32
32
32
32
32
32
32
32
32
32
32
32
32
32
32
32
32
32
32
32
32
32
32
32
32
32
32
32
32
32
32
32
32
32
32
32
32
32
32
32
32
32
32
32
32
32
32
32
32
32
32
32
32
32
32
32
32
32
32
32
32
32
32
32
32
32
32
32
32
32
32
32
32
32
32
32
32
32
32
32
32
32
32
32
32
32
32
32
32
32
32
32
32
32
0
33
32767
30
100
50
50
-48
-48
0
0
200
-6
-6
14745
6
-24
12
-77
-78
-85
-91
-97
-99
-100
-101
-101
-102
-103
-103
-104
-105
-105
-105
-106
-106
-105
-106
-106
-107
-107
-107
-108
-108
-108
-108
-109
-109
-109
-109
-109
-109
-109
-109
-109
-109
-110
-110
-110
-109
-110
-110
-110
-111
-111
-110
-110
-111
-111
-111
-110
-110
-111
-111
-111
-111
-112
-111
-111
-111
-111
-111
-111
-111
-111
-111
-111
-111
-112
-112
-112
-112
-112
-112
-112
-112
-112
-112
-112
-112
-112
-112
-113
-113
-112
-112
-113
-112
-112
-112
-112
-112
-112
-112
-113
-112
-113
-112
-112
-113
-113
-113
-113
-114
-113
-113
-113
-113
-113
-114
-113
-113
-113
-113
-112
-113
-113
-113
-113
-113
-113
-113
-113
-113
-114
-113
-113
-113
-113
-113
-114
-114
-114
-114
-114
-113
-113
-113
-113
-114
-113
-113
-114
-114
-114
-114
-113
-114
-113
-114
-114
-114
-113
-114
-114
-114
-114
-114
-113
-113
-113
-114
-114
-113
-113
-113
-114
-114
-114
-114
-114
-113
-114
-114
-114
-114
-114
-114
-114
-114
-113
-113
-114
-114
-114
-114
-114
-113
-114
-114
-114
-114
-114
-115
-113
-113
-114
-114
-114
-114
-113
-114
-114
-114
-113
-114
-114
-114
-114
-113
-113
-114
-114
-114
-114
-114
-114
-114
-114
-114
-114
-114
-114
-114
-114
-114
-114
-114
-114
-114
-114
-114
-114
-114
-114
-115
-114
-113
-114
-114
-114
-114
-114
-114
-114
-114
-114
-114
-114
-113
-113
-114
-114
-114
-114
-114
-114
-114
-114
-114
-115
-114
-114
-114
-114
-114
-114
-114
-114
-114
-114
-114
-114
-114
-114
-114
-114
-114
-114
-114
-114
-114
-114
-114
-114
-115
-114
-114
-114
-114
-114
-114
-114
-114
-114
-114
-114
-114
-114
-114
-114
-114
-114
-114
-114
-114
-114
-114
-114
-114
-114
-114
-114
-114
-114
-114
-114
-114
-114
-114
-114
-114
-114
-114
-114
-114
-113
-114
-113
-114
-114
-114
-114
-114
-114
-114
-114
-113
-113
-114
-114
-114
-114
-114
-114
-114
-114
-114
-114
-113
-113
-114
-114
-114
-114
-114
-112
-112
-114
-114
-113
-114
-113
-113
-113
-113
-114
-113
-113
-114
-114
-113
-114
-114
-114
-114
-114
-114
-113
-113
-114
-113
-114
-114
-114
-113
-113
-113
-113
-114
-114
-114
-113
-114
-113
-113
-113
-113
-113
-113
-114
-114
-113
-113
-113
-113
-113
-113
-113
-113
-113
-113
-114
-112
-112
-113
-113
-113
-113
-113
-113
-113
-112
-113
-111
-112
-113
-113
-113
-112
-113
-113
-113
-109
-111
-113
-113
-113
-110
-111
-112
-112
-113
-111
-111
-112
-112
-113
-112
-111
-113
-112
-113
-112
-112
-112
-110
-113
-113
-113
-113
-113
-112
-112
-112
-112
-112
-111
-113
-113
-113
-112
-112
-112
-106
-110
-112
-111
-111
-109
-111
-113
-113
-112
-112
-112
-112
-112
-111
-112
-112
-113
-112
-112
-112
-112
-112
-112
-112
-111
-112
-112
-112
-112
-112
-112
-112
-112
-112
-112
-112
-76
-77
-83
-90
-96
-98
-99
-101
-101
-101
-102
-103
-104
-104
-104
-104
-105
-106
-106
-106
-106
-106
-107
-107
-107
-108
-108
-108
-108
-108
-108
-109
-109
-109
-109
-109
-109
-109
-109
-110
-110
-110
-110
-110
-110
-110
-110
-110
-110
-111
-111
-111
-111
-111
-111
-112
-111
-111
-112
-111
-112
-112
-112
-111
-111
-111
-112
-112
-112
-112
-112
-111
-112
-112
-112
-112
-112
-112
-113
-113
-112
-112
-112
-113
-112
-112
-112
-113
-113
-113
-112
-113
-113
-113
-112
-113
-113
-113
-113
-113
-113
-113
-113
-114
-113
-113
-113
-113
-113
-113
-113
-113
-113
-113
-113
-113
-113
-113
-113
-113
-113
-113
-113
-113
-114
-113
-113
-113
-113
-113
-113
-113
-113
-113
-113
-113
-114
-113
-113
-113
-113
-113
-114
-114
-113
-114
-114
-114
-114
-114
-113
-113
-113
-114
-113
-113
-114
-114
-113
-114
-114
-113
-113
-113
-113
-113
-113
-114
-114
-114
-114
-114
-113
-114
-114
-114
-114
-114
-114
-114
-114
-114
-114
-113
-114
-114
-114
-114
-114
-114
-114
-114
-114
-114
-114
-114
-114
-114
-114
-113
-113
-114
-113
-114
-114
-114
-114
-113
-113
-113
-114
-114
-114
-113
-113
-113
-114
-114
-114
-114
-114
-114
-114
-114
-114
-114
-114
-114
-114
-114
-114
-114
-114
-114
-113
-113
-113
-114
-114
-114
-114
-114
-114
-114
-113
-114
-113
-114
-114
-114
-114
-113
-113
-113
-114
-114
-113
-113
-114
-113
-113
-113
-113
-113
-113
-113
-112
-112
-113
-113
-113
-112
-112
-112
-112
-112
-110
-109
-111
-111
-111
-108
-107
-110
-110
-110
-109
-108
-110
-109
-109
-109
-109
-109
-108
-108
-108
-107
-107
-107
-107
-106
-104
-106
-107
-107
-106
-104
-105
-106
-106
-105
-105
-104
-105
-104
-104
-101
-101
-104
-104
-103
-102
-103
-103
-103
-103
-103
-102
-103
-102
-103
-103
-102
-103
-103
-103
-102
-101
-102
-101
-100
-100
-99
-100
-101
-101
-100
-97
-100
-100
-100
-99
-95
-97
-100
-99
-99
-89
-91
-99
-99
-99
-99
-98
-98
-99
-99
-99
-99
-99
-100
-100
-99
-100
-100
-100
-100
-101
-101
-100
-100
-101
-101
-100
-101
-101
-101
-102
-102
-102
-103
-103
-103
-100
-101
-103
-103
-104
-102
-103
-104
-104
-105
-104
-105
-105
-105
-106
-105
-106
-106
-106
-106
-106
-106
-107
-107
-108
-108
-108
-108
-108
-108
-108
-108
-109
-109
-110
-110
-110
-110
-110
-110
-108
-97
-102
-111
-111
-111
-101
-104
-111
-110
-111
-106
-106
-111
-110
-111
-108
-108
-110
-111
-110
-110
-110
-111
-111
-110
-110
-109
-110
-110
-110
-110
-110
-110
-110
-110
-110
-109
-110
-111
-110
-109
-101
-106
-110
-110
-110
-105
-108
-111
-111
-111
-109
-110
-112
-112
-112
-110
-110
-112
-111
-111
-112
-112
-112
-111
-111
-111
-111
-111
-111
-111
-111
-111
-111
-111
-111
-111
-111
-144
-144
-144
-144
-144
-144
-144
-144
-144
-144
-144
-144
-144
-144
-144
-144
-144
-144
-144
-144
-144
-144
-144
-144
-144
-144
-144
-144
-144
-144
-144
-144
-144
-144
-144
-144
-144
-144
-144
-144
-144
-144
-144
-144
-144
-144
-144
-144
-144
-144
-144
-144
-144
-144
-144
-144
-144
-144
-144
-144
-144
-144
-144
-144
-144
-144
-144
-144
-144
-144
-144
-144
-144
-144
-144
-144
-144
-144
-144
-144
-144
-144
-144
-144
-144
-144
-144
-144
-144
-144
-144
-144
-144
-144
-144
-144
-144
-144
-144
-144
-144
-144
-144
-144
-144
-144
-144
-144
-144
-144
-144
-144
-144
-144
-144
-144
-144
-144
-144
-144
-144
-144
-144
-144
-144
-144
-144
-144
-144
-144
-144
-144
-144
-144
-144
-144
-144
-144
-144
-144
-144
-144
-144
-144
-144
-144
-144
-144
-144
-144
-144
-144
-144
-144
-144
-144
-144
-144
-144
-144
-144
-144
-144
-144
-144
-144
-144
-144
-144
-144
-144
-144
-144
-144
-144
-144
-144
-144
-144
-144
-144
-144
-144
-144
-144
-144
-144
-144
-144
-144
-144
-144
-144
-144
-144
-144
-144
-144
-144
-144
-144
-144
-144
-144
-144
-144
-144
-144
-144
-144
-144
-144
-144
-144
-144
-144
-144
-144
-144
-144
-144
-144
-144
-144
-144
-144
-144
-144
-144
-144
-144
-144
-144
-144
-144
-144
-144
-144
-144
-144
-144
-144
-144
-144
-144
-144
-144
-144
-144
-144
-144
-144
-144
-144
-144
-144
-144
-144
-144
-144
-144
-144
-144
-144
-144
-144
-144
-144
-144
-144
-144
-144
-144
-144
-144
-144
-144
-144
-144
-144
-144
-144
-144
-144
-144
-144
-144
-144
-144
-144
-144
-144
-144
-144
-144
-144
-144
-144
-144
-144
-144
-144
-144
-144
-144
-144
-144
-144
-144
-144
-144
-144
-144
-144
-144
-144
-144
-144
-144
-144
-144
-144
-144
-144
-144
-144
-144
-144
-144
-144
-144
-144
-144
-144
-144
-144
-144
-144
-144
-144
-144
-144
-144
-144
-144
-144
-144
-144
-144
-144
-144
-144
-144
-144
-144
-144
-144
-144
-144
-144
-144
-144
-144
-144
-144
-144
-144
-144
-144
-144
-144
-144
-144
-144
-144
-144
-144
-144
-144
-144
-144
-144
-144
-144
-144
-144
-144
-144
-144
-144
-144
-144
-144
-144
-144
-144
-144
-144
-144
-144
-144
-144
-144
-144
-144
-144
-144
-144
-144
-144
-144
-144
-144
-144
-144
-144
-144
-144
-144
-144
-144
-144
-144
-144
-144
-144
-144
-144
-144
-144
-144
-144
-144
-144
-144
-144
-144
-144
-144
-144
-144
-144
-144
-144
-144
-144
-144
-144
-144
-144
-144
-144
-144
-144
-144
-144
-144
-144
-144
-144
-144
-144
-144
-144
-144
-144
-144
-144
-144
-144
-144
-144
-144
-144
-144
-144
-144
-144
-144
-144
-144
-144
-144
-144
-144
-144
-144
-144
-144
-144
-144
-144
-144
-144
-144
-144
-144
-144
-144
-144
-144
-144
-144
-144
-144
-144
-144
-144
-144
-144
-144
-144
-144
-144
-144
-144
-144
-144
-144
-144
-144
-144
-144
-144
-144
-144
-144
-144
-144
-144
-144
-144
-144
-144
-144
-144
-144
-144
-144
-144
-144
-144
-144
-144
-144
-144
-144
-144
-144
-144
-144
-144
-144
-144
-144
-144
-144
-144
-144
-144
-144
-144
-144
-144
-144
-144
-144
-144
-144
-144
-144
-144
-144
-144
-144
-144
-144
-144
-144
-144
-144
-144
-144
-144
-144
-144
-144
-144
-144
-144
-144
-144
-144
-144
-144
-144
-144
-144
-144
-144
-144
-144
-144
-144
-144
-144
-144
-144
-144
-144
-144
-144
-144
-144
-144
-144
-144
-144
-144
-144
-144
-144
-144
-144
-144
-144
-144
-144
-144
-144
-144
-144
-144
-144
-144
-144
-144
-144
-144
-144
-144
-144
-144
-144
-144
-144
-144
-144
-144
-144
-144
-144
-144
-144
-144
-144
-144
-144
-144
-144
-144
-144
-144
-144
-144
-144
-144
-144
-144
-144
-144
-144
-144
-144
-144
-144
-144
-144
-144
-144
-144
-144
-144
-144
-144
-144
-144
-144
-144
-144
-144
-144
-144
-144
-144
-144
-144
-144
-144
-144
-144
-144
-144
-144
-144
-144
-144
-144
-144
-144
-144
-144
-144
-144
-144
-144
-144
-144
-144
-144
-144
-144
-144
-144
-144
-144
-144
-144
-144
-144
-144
-144
-144
-144
-144
-144
-144
-144
-144
-144
-144
-144
-144
-144
-144
-144
-144
-144
-144
-144
-144
-144
-144
-144
-144
-144
-144
-144
-144
-144
-144
-144
-144
-144
-144
-144
-144
-144
-144
-144
-144
-144
-144
-144
-144
-144
-144
-144
-144
-144
-144
-144
-144
-144
-144
-144
-144
-144
-144
-144
-144
-144
-144
-144
-144
-144
-144
-144
-144
-144
-144
-144
-144
-144
-144
-144
-144
-144
-144
-144
-144
-144
-144
-144
-144
-144
-144
-144
-144
-144
-144
-144
-144
-144
-144
-144
-144
-144
-144
-144
-144
-144
-144
-144
-144
-144
-144
-144
-144
-144
-144
-144
-144
-144
-144
-144
-144
-144
-144
-144
-144
-144
-144
-144
-144
-144
-144
-144
-144
-144
-144
-144
-144
-144
-144
-144
-144
-144
-144
-144
-144
-144
-144
-144
-144
-144
-144
-144
-144
-144
-144
-144
-144
-144
-144
-144
-144
-144
-144
-144
-144
-144
-144
-144
-144
-144
-144
-144
-144
-144
-144
-144
-144
-144
-144
-144
-144
-144
-144
-144
-144
-144
-144
-144
-144
-144
-144
-144
-144
-144
-144
-144
-144
-144
-144
-144
-144
-144
-144
-144
-144
-144
-144
-144
-144
-144
-144
-144
-144
-144
-144
-144
-144
-144
-144
-144
-144
-144
-144
-144
-144
-144
-144
-144
-144
-144
-144
-144
-144
-144
-144
-144
-144
-144
-144
-144
-144
-144
-144
-144
-144
-144
-144
-144
-144
-144
-144
-144
-144
-144
-144
-144
-144
-144
-144
-144
-144
-144
-144
-144
-144
-144
-144
-144
-144
-144
-144
-144
-144
-144
-144
-144
-144
-144
-144
-144
-144
-144
-144
-144
-144
-144
-144
-144
-144
-144
-144
-144
-144
-144
-144
-144
-144
-144
-144
-144
0
0
6
0
-13
1
0
-4
2344
4687
0
-15
-3
-20
0
9830
1638
655
0
-20
0
0
300
300
0
0
0
0
32767
0
4
10976
96
-96
28642
0
0
-13
16384
16384
16384
16384
16384
-12
-18
96
440
6826
6826
6826
6826
6826
0
1
20
60
-15
-15
1
0
-6
-6
1000
1000
3
3
0
0
300
0
100
0
0
20
0
20
0
5
0
20
96
0
0
0
0
3
10
1
0
20
96
0
0
0
0
3
10
1
0
20
96
0
0
0
0
3
10
1
0
20
96
0
0
0
0
3
10
1
0
20
96
0
0
0
0
3
10
1
0
20
96
0
0
0
0
3
10
1
0
20
96
0
0
0
0
3
10
1
0
20
96
0
0
0
0
3
10
1
0
20
96
0
0
0
0
3
10
1
0
20
96
0
0
0
0
3
10
1
2
0
200
100
-16
2000
100
-16
0
3
20
4
0
20
0
0
10
2000
0
-96
-85
-20
0
0
-96
-85
-20
-20
0
0
0
700
2
0
20
0
0
2000
2000
0
-96
0
0
0
0
-96
0
0
0
0
1
0
20
2
1
20
0
0
10000
10000
0
-96
0
0
0
0
-96
0
0
0
0
1
0
20
2
1
20
0
0
10000
10000
0
-96
0
0
0
0
-96
0
0
0
0
1
0
20
2
1
20
0
0
10000
10000
0
-96
0
0
0
0
-96
0
0
0
0
1
0
1
20
5
0
20
0
0
300
10000
0
-96
-38
-20
-2
0
-96
-38
-20
-18
-17
0
0
0
0
0
0
0
90
75
100
10
10
0
0
-20
-20
-96
-20
-6
0
50
0
10
0
1
2
3
0
1
2
3
0
0
0
0
0
-30
0
100
96
86
6826
6826
6826
6826
6826
6826
6826
6826
6826
6826
0
300
100
100
600
0
0

// Volume
