4803
4
13
0
1
14
17409
0
0
0
17413
32
2
6
0
1

// Volume
1
0
0
0
0
0
0
0
0
1
20
5
500
5000
-96
-85
-50
-35
0
-96
-85
-50
-35
-23
1
0
32
32
32
32
32
32
32
32
32
31
31
29
28
27
27
26
26
25
26
26
26
26
26
26
26
25
25
24
24
24
23
24
24
24
25
25
25
25
25
24
25
25
25
26
27
27
28
28
27
27
26
26
26
26
25
25
25
26
25
25
25
25
24
24
23
23
23
23
23
23
23
23
23
23
22
22
22
22
23
23
23
23
24
24
24
24
24
24
24
23
23
24
23
23
24
24
24
24
23
23
23
23
23
23
23
23
24
24
24
24
24
23
24
23
23
23
23
23
23
23
22
22
22
21
21
21
21
21
21
22
22
22
22
22
22
22
22
22
22
22
23
23
23
23
23
23
23
23
23
23
23
24
24
25
25
25
26
26
26
26
27
27
28
28
28
28
27
27
27
26
26
26
26
25
24
24
24
24
23
22
22
21
21
21
20
21
20
20
20
20
19
19
19
18
18
18
18
18
18
17
17
17
17
17
17
16
16
16
16
16
16
15
15
15
15
15
15
15
15
15
15
14
14
14
14
14
14
14
14
14
15
15
15
15
15
15
15
15
14
14
15
14
14
14
14
14
13
13
13
13
12
12
12
12
12
11
11
11
10
10
10
10
10
10
10
9
9
9
9
9
9
8
8
8
8
8
8
8
8
8
8
7
7
7
7
7
7
7
7
6
6
6
6
6
6
6
5
5
5
5
5
5
5
4
4
4
4
4
4
4
4
4
3
3
3
3
3
3
3
3
3
3
3
3
3
3
3
3
3
3
3
3
3
3
3
3
3
3
3
3
3
3
3
3
3
3
3
3
3
3
3
4
4
4
4
4
4
4
4
4
4
4
4
5
5
5
5
5
5
5
5
5
5
6
6
6
6
6
6
6
6
6
7
7
7
7
7
7
7
7
7
7
7
7
7
7
7
7
7
7
7
7
8
8
8
8
8
8
8
8
8
8
8
8
8
8
8
8
9
9
9
9
9
9
9
9
9
9
9
9
9
9
9
9
9
10
9
9
10
10
10
10
10
10
11
11
11
11
11
11
11
11
12
12
12
12
12
12
12
12
13
13
13
13
13
13
13
13
14
14
14
14
14
14
14
14
14
14
14
14
14
13
14
14
13
13
13
13
13
13
13
12
12
12
12
12
12
11
11
11
11
11
11
11
11
11
11
10
10
10
11
11
10
10
10
10
10
10
10
11
11
11
10
9
8
7
6
5
4
4
4
4
5
5
5
5
6
6
6
6
7
8
8
10
11
13
15
16
17
16
16
16
17
17
17
18
19
19
19
19
19
19
19
19
19
19
19
19
19
19
19
19
19
19
19
19
19
19
13
13
32
32
32
32
32
32
32
32
32
27
26
25
24
24
23
23
23
23
23
24
25
25
25
25
25
25
26
25
25
25
24
24
25
25
25
25
24
24
24
24
24
25
25
26
27
27
28
28
27
27
26
25
24
24
23
23
24
24
23
23
22
21
20
20
19
19
19
19
20
20
21
21
21
21
21
21
20
20
21
21
22
22
22
22
21
21
20
20
19
19
19
19
19
20
20
20
19
19
19
19
19
19
19
20
20
21
22
22
22
22
23
22
23
22
23
23
23
24
24
24
23
23
23
23
23
22
22
23
23
24
24
24
24
24
24
23
23
24
24
25
25
25
25
24
24
24
24
23
23
23
23
23
24
24
24
23
23
22
22
22
23
23
23
24
24
24
24
24
23
23
24
24
24
24
24
24
24
24
24
23
23
22
22
22
22
22
22
22
22
21
21
20
20
21
21
21
21
21
21
21
21
21
21
20
21
20
20
21
21
20
20
20
19
19
19
19
19
18
18
18
18
18
18
18
17
17
17
17
17
17
17
17
16
16
16
16
16
16
16
15
15
15
15
15
15
15
15
15
15
15
14
14
14
14
14
13
13
13
13
13
13
13
12
12
11
11
11
11
10
10
10
10
10
9
9
9
8
8
8
8
8
8
8
8
8
8
7
7
7
7
7
7
7
7
7
7
7
7
7
6
6
6
6
6
6
6
6
6
5
5
5
5
5
5
5
5
5
5
5
5
4
4
4
4
4
4
4
4
4
4
4
4
4
4
3
3
3
3
3
3
3
3
3
3
3
3
3
3
3
3
3
3
3
3
3
3
3
2
2
2
3
3
3
3
3
3
3
3
3
3
3
3
3
3
3
3
3
3
3
3
3
3
4
4
4
4
4
4
4
4
4
5
5
5
5
5
5
5
5
5
5
5
6
6
6
6
6
6
6
6
6
6
7
7
7
7
7
7
8
8
8
8
8
9
9
9
9
9
9
9
10
10
10
10
10
10
10
10
10
10
10
10
10
10
10
10
10
10
10
11
11
11
11
11
11
11
11
11
11
11
12
12
12
12
12
12
12
13
13
13
13
13
13
13
13
13
13
13
13
13
13
13
14
14
14
14
14
13
13
13
13
13
13
14
14
13
14
13
13
13
13
13
14
14
14
14
14
14
14
14
14
14
14
14
14
14
15
14
13
12
11
11
11
10
10
10
11
10
9
8
7
7
6
5
5
5
5
4
4
4
3
3
3
3
4
4
5
5
5
6
6
7
8
8
9
10
10
10
10
10
10
10
10
10
10
10
10
10
10
10
10
10
10
10
10
10
10
10
9
9
32
32
32
32
32
32
32
32
32
32
32
32
32
32
32
32
32
32
32
32
32
32
32
32
32
32
32
32
32
32
32
32
32
32
32
32
32
32
32
32
32
32
32
32
32
32
32
32
32
32
32
32
32
32
32
32
32
32
32
32
32
32
32
32
32
32
32
32
32
32
32
32
32
32
32
32
32
32
32
32
32
32
32
32
32
32
32
32
32
32
32
32
32
32
32
32
32
32
32
32
32
32
32
32
32
32
32
32
32
32
32
32
32
32
32
32
32
32
32
32
32
32
32
32
32
32
32
32
32
32
32
32
32
32
32
32
32
32
32
32
32
32
32
32
32
32
32
32
32
32
32
32
32
32
32
32
32
32
32
32
32
32
32
32
32
32
32
32
32
32
32
32
32
32
32
32
32
32
32
32
32
32
32
32
32
32
32
32
32
32
32
32
32
32
32
32
32
32
32
32
32
32
32
32
32
32
32
32
32
32
32
32
32
32
32
32
32
32
32
32
32
32
32
32
32
32
32
32
32
32
32
32
32
32
32
32
32
32
32
32
32
32
32
32
32
32
32
32
32
32
32
32
32
32
32
32
32
32
32
32
32
32
32
32
32
32
32
32
32
32
32
32
32
32
32
32
32
32
32
32
32
32
32
32
32
32
32
32
32
32
32
32
32
32
32
32
32
32
32
32
32
32
32
32
32
32
32
32
32
32
32
32
32
32
32
32
32
32
32
32
32
32
32
32
32
32
32
32
32
32
32
32
32
32
32
32
32
32
32
32
32
32
32
32
32
32
32
32
32
32
32
32
32
32
32
32
32
32
32
32
32
32
32
32
32
32
32
32
32
32
32
32
32
32
32
32
32
32
32
32
32
32
32
32
32
32
32
32
32
32
32
32
32
32
32
32
32
32
32
32
32
32
32
32
32
32
32
32
32
32
32
32
32
32
32
32
32
32
32
32
32
32
32
32
32
32
32
32
32
32
32
32
32
32
32
32
32
32
32
32
32
32
32
32
32
32
32
32
32
32
32
32
32
32
32
32
32
32
32
32
32
32
32
32
32
32
32
32
32
32
32
32
32
32
32
32
32
32
32
32
32
32
32
32
32
32
32
32
32
32
32
32
32
32
32
32
32
32
32
32
32
32
32
32
32
32
32
32
32
32
32
32
32
32
32
32
32
32
32
32
32
32
32
32
32
32
32
32
32
32
32
32
32
32
32
32
32
32
32
32
32
32
32
32
32
32
32
32
32
32
32
32
32
32
32
32
32
32
32
32
32
32
32
32
32
32
32
32
32
32
32
32
32
32
32
32
32
32
32
32
32
32
32
32
32
32
32
32
32
32
32
32
32
32
32
32
32
32
32
32
32
32
32
32
32
32
32
32
32
32
32
32
32
32
32
32
32
32
32
32
32
32
32
32
32
32
32
32
32
32
32
32
32
32
32
32
32
32
32
32
32
32
32
32
32
32
32
32
32
32
32
32
32
32
32
32
32
32
32
32
32
32
32
32
32
32
32
32
32
32
32
32
32
32
32
32
32
32
32
32
32
32
32
32
32
32
32
32
32
32
32
32
32
32
32
32
32
32
32
32
32
32
32
32
32
32
32
32
32
32
32
32
32
32
32
32
32
32
32
32
32
32
32
32
32
32
32
32
32
32
32
32
32
32
32
32
32
32
32
32
32
32
32
32
32
32
32
32
32
32
32
32
32
32
32
32
32
32
32
32
32
32
32
32
32
32
32
32
32
32
32
32
32
32
32
32
32
32
32
32
32
32
32
32
32
32
32
32
32
32
32
32
32
32
32
32
32
32
32
32
32
32
32
32
32
32
32
32
32
32
32
32
32
32
32
32
32
32
32
32
32
32
32
32
32
32
32
32
32
32
32
32
32
32
32
32
32
32
32
32
32
32
32
32
32
32
32
32
32
32
32
32
32
32
32
32
32
32
32
32
32
32
32
32
32
32
32
32
32
32
32
32
32
32
32
32
32
32
32
32
32
32
32
32
32
32
32
32
32
32
32
32
32
32
32
32
32
32
32
32
32
32
32
32
32
32
32
32
32
32
32
32
32
32
32
32
32
32
32
32
32
32
32
32
32
32
32
32
32
32
32
32
32
32
32
32
32
32
32
32
32
32
32
32
32
32
32
32
32
32
32
32
32
32
32
32
32
32
32
32
32
32
32
32
32
32
32
32
32
32
32
32
32
32
32
32
32
32
32
32
32
32
32
32
32
32
32
32
32
32
32
32
32
32
32
32
32
32
32
32
32
32
32
32
32
32
32
32
32
32
32
32
32
32
32
32
32
32
32
32
32
32
32
32
32
32
32
32
32
32
32
32
32
32
32
32
32
32
32
32
32
32
32
32
32
32
32
32
32
32
32
32
32
32
32
32
32
32
32
32
32
32
32
32
32
32
32
32
32
32
32
32
32
32
32
32
32
32
32
32
32
32
32
32
32
32
32
32
32
32
32
32
32
32
32
32
32
32
32
32
32
32
32
32
32
32
32
32
32
32
32
32
32
32
32
32
32
32
32
32
32
32
32
32
32
32
32
32
32
32
32
32
32
32
32
32
32
32
32
32
32
32
32
32
32
32
32
32
32
32
32
32
32
32
32
32
32
32
32
32
0
33
32767
30
100
50
50
-12
-12
0
1
200
0
0
32767
6
-12
12
-62
-63
-70
-73
-76
-79
-83
-85
-86
-87
-87
-88
-89
-90
-90
-91
-91
-92
-91
-92
-92
-93
-93
-94
-94
-94
-94
-94
-95
-95
-95
-95
-96
-95
-95
-95
-95
-95
-96
-96
-96
-96
-96
-97
-97
-97
-97
-97
-97
-97
-98
-98
-98
-98
-98
-98
-98
-98
-99
-98
-98
-98
-98
-98
-99
-99
-99
-99
-99
-99
-99
-99
-99
-99
-99
-100
-99
-99
-99
-100
-100
-100
-100
-100
-100
-100
-100
-100
-100
-100
-100
-100
-100
-100
-100
-101
-100
-100
-101
-101
-101
-101
-101
-101
-101
-101
-101
-101
-101
-101
-101
-101
-101
-101
-101
-101
-101
-101
-102
-102
-101
-101
-102
-102
-102
-102
-102
-102
-102
-102
-102
-102
-102
-102
-102
-102
-102
-102
-102
-102
-102
-102
-103
-103
-102
-102
-103
-103
-103
-103
-103
-103
-102
-102
-103
-103
-103
-103
-103
-103
-102
-103
-103
-103
-103
-103
-103
-103
-103
-103
-103
-103
-103
-104
-103
-103
-103
-103
-103
-103
-104
-103
-103
-103
-104
-104
-103
-103
-103
-104
-104
-103
-103
-104
-104
-104
-104
-104
-104
-104
-104
-104
-104
-104
-104
-104
-104
-104
-104
-104
-104
-104
-104
-104
-104
-104
-104
-104
-104
-104
-104
-105
-104
-105
-104
-105
-105
-105
-104
-104
-104
-104
-105
-105
-105
-104
-105
-105
-105
-105
-105
-105
-105
-105
-105
-104
-104
-105
-105
-105
-105
-104
-104
-105
-105
-105
-105
-105
-105
-105
-105
-105
-105
-105
-105
-105
-105
-105
-105
-105
-105
-105
-105
-105
-105
-105
-106
-106
-105
-105
-105
-105
-105
-105
-105
-105
-105
-105
-105
-106
-105
-106
-106
-106
-105
-105
-105
-106
-105
-106
-106
-106
-105
-105
-105
-106
-106
-106
-105
-106
-106
-106
-106
-106
-106
-106
-105
-106
-106
-106
-106
-106
-106
-106
-106
-106
-106
-106
-106
-106
-106
-106
-106
-106
-106
-106
-106
-106
-106
-106
-106
-106
-106
-106
-106
-107
-106
-106
-106
-106
-107
-106
-106
-106
-107
-107
-106
-106
-106
-106
-107
-107
-106
-106
-106
-107
-107
-106
-106
-107
-106
-106
-106
-106
-106
-106
-106
-106
-107
-106
-106
-107
-107
-107
-106
-106
-106
-106
-107
-107
-106
-107
-107
-107
-107
-107
-107
-107
-107
-107
-107
-106
-107
-107
-107
-107
-107
-107
-106
-107
-107
-107
-107
-107
-107
-106
-107
-108
-107
-107
-107
-107
-107
-107
-107
-107
-107
-107
-107
-107
-107
-107
-108
-107
-107
-107
-107
-107
-107
-108
-107
-107
-107
-107
-108
-107
-107
-107
-107
-107
-107
-107
-107
-107
-108
-108
-107
-107
-107
-107
-107
-107
-107
-108
-107
-107
-107
-108
-107
-107
-107
-107
-107
-108
-107
-107
-107
-107
-108
-108
-108
-108
-108
-108
-108
-108
-107
-108
-107
-108
-108
-108
-108
-108
-108
-107
-107
-108
-108
-108
-108
-108
-108
-108
-108
-108
-109
-109
-109
-109
-110
-111
-111
-62
-63
-70
-73
-76
-79
-83
-85
-86
-87
-87
-88
-89
-90
-90
-91
-91
-91
-91
-92
-92
-93
-93
-94
-93
-94
-94
-94
-95
-95
-95
-95
-96
-95
-95
-95
-95
-95
-96
-96
-96
-96
-96
-97
-97
-97
-97
-97
-97
-97
-97
-98
-98
-98
-98
-98
-98
-98
-99
-99
-98
-98
-98
-98
-99
-99
-99
-99
-99
-100
-99
-99
-99
-99
-99
-100
-99
-99
-99
-100
-100
-100
-100
-100
-100
-100
-100
-100
-100
-100
-100
-100
-100
-100
-100
-101
-100
-100
-101
-101
-101
-101
-101
-101
-100
-101
-101
-101
-101
-101
-101
-101
-101
-101
-101
-101
-101
-101
-102
-102
-101
-101
-102
-102
-102
-102
-102
-102
-102
-102
-102
-102
-102
-102
-102
-102
-102
-102
-102
-102
-102
-102
-102
-103
-102
-102
-102
-103
-103
-103
-103
-102
-102
-102
-103
-103
-103
-103
-103
-103
-102
-103
-103
-102
-103
-103
-103
-103
-103
-103
-103
-103
-103
-104
-103
-103
-103
-103
-103
-103
-103
-104
-103
-104
-104
-104
-104
-103
-103
-103
-104
-103
-103
-104
-104
-104
-104
-104
-104
-104
-103
-104
-104
-104
-104
-104
-104
-104
-104
-104
-104
-104
-104
-104
-104
-104
-104
-104
-104
-104
-104
-105
-104
-104
-104
-105
-105
-105
-104
-104
-104
-104
-104
-104
-104
-105
-105
-105
-105
-105
-104
-105
-105
-105
-105
-105
-104
-105
-105
-105
-105
-105
-104
-105
-105
-105
-105
-105
-105
-105
-105
-105
-105
-105
-105
-105
-105
-105
-105
-105
-105
-105
-105
-105
-105
-105
-105
-105
-105
-105
-105
-105
-105
-105
-105
-106
-105
-105
-105
-106
-105
-106
-106
-106
-105
-105
-106
-105
-105
-105
-106
-106
-105
-106
-106
-106
-106
-106
-105
-106
-106
-106
-106
-106
-106
-106
-105
-106
-106
-106
-106
-106
-106
-106
-106
-106
-106
-106
-106
-106
-106
-106
-106
-106
-106
-106
-106
-106
-106
-106
-106
-106
-106
-106
-107
-107
-106
-106
-106
-106
-106
-106
-106
-106
-107
-107
-106
-106
-106
-106
-107
-106
-106
-106
-107
-107
-107
-107
-106
-106
-106
-106
-106
-106
-107
-106
-106
-106
-107
-107
-107
-106
-106
-107
-106
-106
-106
-106
-107
-107
-106
-107
-107
-107
-107
-107
-107
-107
-107
-107
-107
-107
-107
-107
-107
-107
-107
-107
-107
-107
-107
-107
-107
-107
-107
-106
-107
-108
-107
-107
-107
-107
-107
-107
-107
-107
-107
-107
-107
-107
-107
-107
-108
-107
-107
-107
-107
-107
-107
-108
-107
-107
-107
-107
-108
-107
-107
-107
-107
-107
-107
-107
-107
-107
-107
-108
-107
-107
-107
-107
-108
-107
-107
-108
-107
-107
-107
-107
-107
-107
-107
-107
-107
-107
-107
-107
-107
-108
-108
-108
-108
-108
-108
-108
-108
-108
-107
-108
-107
-108
-108
-108
-108
-108
-108
-108
-107
-108
-108
-107
-108
-108
-108
-108
-108
-108
-108
-109
-109
-110
-110
-111
-111
-77
-73
-81
-86
-90
-94
-98
-102
-101
-100
-102
-103
-106
-107
-108
-107
-108
-109
-110
-107
-107
-108
-110
-110
-111
-110
-110
-112
-112
-113
-113
-112
-112
-111
-112
-113
-114
-114
-114
-113
-114
-114
-112
-113
-115
-114
-114
-113
-114
-114
-115
-114
-112
-112
-113
-114
-113
-114
-113
-114
-114
-113
-115
-114
-114
-114
-112
-113
-114
-114
-114
-112
-113
-115
-115
-114
-115
-114
-114
-116
-115
-114
-113
-115
-116
-115
-115
-113
-115
-116
-116
-114
-113
-114
-115
-114
-115
-115
-114
-116
-115
-115
-115
-115
-115
-115
-115
-115
-116
-116
-115
-116
-116
-115
-114
-114
-114
-114
-114
-114
-115
-116
-116
-115
-116
-116
-116
-115
-115
-115
-116
-116
-116
-115
-114
-114
-115
-115
-115
-116
-115
-114
-116
-115
-116
-114
-115
-115
-116
-114
-115
-114
-114
-115
-115
-115
-115
-115
-116
-116
-115
-114
-114
-115
-116
-115
-115
-117
-115
-115
-115
-115
-116
-116
-115
-115
-117
-116
-116
-116
-115
-115
-116
-113
-114
-115
-115
-114
-114
-115
-115
-114
-113
-115
-115
-116
-114
-114
-115
-115
-112
-113
-116
-115
-116
-115
-115
-116
-116
-116
-117
-117
-115
-116
-114
-115
-114
-114
-115
-115
-114
-115
-114
-116
-116
-116
-115
-116
-115
-115
-116
-116
-117
-116
-115
-115
-116
-116
-116
-116
-116
-116
-116
-116
-115
-114
-115
-115
-116
-116
-116
-116
-115
-116
-116
-115
-114
-114
-115
-115
-115
-115
-116
-117
-116
-116
-115
-115
-116
-117
-115
-114
-114
-116
-116
-115
-115
-115
-115
-115
-116
-115
-116
-115
-116
-117
-115
-115
-115
-115
-116
-115
-115
-115
-116
-116
-115
-115
-115
-115
-116
-115
-115
-116
-116
-115
-116
-116
-116
-116
-116
-115
-115
-116
-116
-116
-116
-116
-115
-116
-116
-115
-116
-116
-116
-116
-117
-115
-115
-116
-115
-115
-115
-116
-114
-115
-116
-115
-116
-116
-116
-116
-115
-116
-115
-115
-115
-115
-115
-116
-115
-115
-116
-115
-115
-114
-115
-116
-115
-114
-115
-114
-114
-115
-116
-115
-116
-115
-115
-116
-115
-115
-117
-116
-117
-116
-116
-116
-117
-116
-115
-115
-115
-116
-116
-117
-116
-116
-117
-116
-116
-116
-115
-116
-117
-116
-115
-115
-116
-115
-116
-116
-115
-116
-115
-114
-116
-116
-116
-116
-117
-115
-116
-117
-116
-115
-114
-115
-114
-115
-115
-116
-114
-116
-114
-115
-116
-114
-115
-116
-116
-115
-115
-116
-115
-116
-117
-117
-117
-116
-115
-116
-115
-116
-115
-115
-114
-115
-116
-115
-115
-115
-117
-115
-116
-117
-116
-115
-114
-114
-113
-114
-115
-116
-116
-115
-114
-115
-114
-115
-116
-115
-115
-115
-115
-114
-114
-114
-114
-115
-116
-116
-115
-115
-114
-114
-113
-113
-114
-115
-114
-115
-115
-115
-116
-114
-114
-115
-114
-114
-114
-116
-115
-116
-114
-116
-115
-115
-115
-115
-115
-115
-115
-144
-144
-144
-144
-144
-144
-144
-144
-144
-144
-144
-144
-144
-144
-144
-144
-144
-144
-144
-144
-144
-144
-144
-144
-144
-144
-144
-144
-144
-144
-144
-144
-144
-144
-144
-144
-144
-144
-144
-144
-144
-144
-144
-144
-144
-144
-144
-144
-144
-144
-144
-144
-144
-144
-144
-144
-144
-144
-144
-144
-144
-144
-144
-144
-144
-144
-144
-144
-144
-144
-144
-144
-144
-144
-144
-144
-144
-144
-144
-144
-144
-144
-144
-144
-144
-144
-144
-144
-144
-144
-144
-144
-144
-144
-144
-144
-144
-144
-144
-144
-144
-144
-144
-144
-144
-144
-144
-144
-144
-144
-144
-144
-144
-144
-144
-144
-144
-144
-144
-144
-144
-144
-144
-144
-144
-144
-144
-144
-144
-144
-144
-144
-144
-144
-144
-144
-144
-144
-144
-144
-144
-144
-144
-144
-144
-144
-144
-144
-144
-144
-144
-144
-144
-144
-144
-144
-144
-144
-144
-144
-144
-144
-144
-144
-144
-144
-144
-144
-144
-144
-144
-144
-144
-144
-144
-144
-144
-144
-144
-144
-144
-144
-144
-144
-144
-144
-144
-144
-144
-144
-144
-144
-144
-144
-144
-144
-144
-144
-144
-144
-144
-144
-144
-144
-144
-144
-144
-144
-144
-144
-144
-144
-144
-144
-144
-144
-144
-144
-144
-144
-144
-144
-144
-144
-144
-144
-144
-144
-144
-144
-144
-144
-144
-144
-144
-144
-144
-144
-144
-144
-144
-144
-144
-144
-144
-144
-144
-144
-144
-144
-144
-144
-144
-144
-144
-144
-144
-144
-144
-144
-144
-144
-144
-144
-144
-144
-144
-144
-144
-144
-144
-144
-144
-144
-144
-144
-144
-144
-144
-144
-144
-144
-144
-144
-144
-144
-144
-144
-144
-144
-144
-144
-144
-144
-144
-144
-144
-144
-144
-144
-144
-144
-144
-144
-144
-144
-144
-144
-144
-144
-144
-144
-144
-144
-144
-144
-144
-144
-144
-144
-144
-144
-144
-144
-144
-144
-144
-144
-144
-144
-144
-144
-144
-144
-144
-144
-144
-144
-144
-144
-144
-144
-144
-144
-144
-144
-144
-144
-144
-144
-144
-144
-144
-144
-144
-144
-144
-144
-144
-144
-144
-144
-144
-144
-144
-144
-144
-144
-144
-144
-144
-144
-144
-144
-144
-144
-144
-144
-144
-144
-144
-144
-144
-144
-144
-144
-144
-144
-144
-144
-144
-144
-144
-144
-144
-144
-144
-144
-144
-144
-144
-144
-144
-144
-144
-144
-144
-144
-144
-144
-144
-144
-144
-144
-144
-144
-144
-144
-144
-144
-144
-144
-144
-144
-144
-144
-144
-144
-144
-144
-144
-144
-144
-144
-144
-144
-144
-144
-144
-144
-144
-144
-144
-144
-144
-144
-144
-144
-144
-144
-144
-144
-144
-144
-144
-144
-144
-144
-144
-144
-144
-144
-144
-144
-144
-144
-144
-144
-144
-144
-144
-144
-144
-144
-144
-144
-144
-144
-144
-144
-144
-144
-144
-144
-144
-144
-144
-144
-144
-144
-144
-144
-144
-144
-144
-144
-144
-144
-144
-144
-144
-144
-144
-144
-144
-144
-144
-144
-144
-144
-144
-144
-144
0
0
6
0
-15
1
0
-12
2344
4687
0
-15
-3
-20
1
9830
1638
655
0
-20
0
0
300
300
0
0
0
0
32767
0
4
10976
0
-96
28642
0
0
-13
27000
27000
27000
27000
16384
-12
-18
96
440
6826
6826
6826
6826
6826
0
1
20
60
-15
-15
1
0
-6
-6
1000
1000
3
3
0
0
300
0
100
0
0
16000
1
50
0
5
0
165
100
0
0
0
0
3
10
1
3072
600
100
0
0
0
0
3
10
1
4096
2000
200
0
0
0
0
3
10
1
4096
4000
400
0
0
0
0
3
10
1
1024
7000
400
0
0
0
0
3
10
1
-7885
6932
1200
0
0
0
0
3
10
1
-8653
9306
400
0
0
0
0
3
10
1
-7782
13105
800
0
0
0
0
3
10
1
973
13857
1000
0
0
0
0
3
10
1
0
15005
100
0
0
0
0
3
10
1
2
0
200
100
-16
2000
100
-16
0
1
20
3
1
20
0
0
500
5000
0
-96
-24
0
0
0
-96
-24
0
0
0
1
0
700
2
1
20
0
0
10000
10000
0
-96
0
0
0
0
-96
0
0
0
0
1
0
20
2
1
20
0
0
10000
10000
0
-96
0
0
0
0
-96
0
0
0
0
1
0
20
2
1
20
0
0
10000
10000
0
-96
0
0
0
0
-96
0
0
0
0
1
0
20
2
1
20
0
0
10000
10000
0
-96
0
0
0
0
-96
0
0
0
0
1
0
1
20
5
0
20
0
0
50
2000
0
-96
-80
-45
-18
0
-96
-80
-45
-18
-18
1
0
1
-1
20
0
0
90
75
100
10
10
0
0
-20
-20
-40
-20
-6
1
50
0
10
0
1
2
3
0
1
2
3
0
0
0
0
0
-31
0
15
96
86
6826
6826
6826
6826
6826
6826
6826
6826
6826
6826
0
300
100
100
600
0
0

// Volume
